%  MIT License
%
%  Copyright (c) 2024 Roumen Popov
%
%  Permission is hereby granted, free of charge, to any person obtaining a copy
%  of this software and associated documentation files (the "Software"), to deal
%  in the Software without restriction, including without limitation the rights
%  to use, copy, modify, merge, publish, distribute, sublicense, and/or sell
%  copies of the Software, and to permit persons to whom the Software is
%  furnished to do so, subject to the following conditions:
%
%  The above copyright notice and this permission notice shall be included in all
%  copies or substantial portions of the Software.
%
%  THE SOFTWARE IS PROVIDED "AS IS", WITHOUT WARRANTY OF ANY KIND, EXPRESS OR
%  IMPLIED, INCLUDING BUT NOT LIMITED TO THE WARRANTIES OF MERCHANTABILITY,
%  FITNESS FOR A PARTICULAR PURPOSE AND NONINFRINGEMENT. IN NO EVENT SHALL THE
%  AUTHORS OR COPYRIGHT HOLDERS BE LIABLE FOR ANY CLAIM, DAMAGES OR OTHER
%  LIABILITY, WHETHER IN AN ACTION OF CONTRACT, TORT OR OTHERWISE, ARISING FROM,
%  OUT OF OR IN CONNECTION WITH THE SOFTWARE OR THE USE OR OTHER DEALINGS IN THE
%  SOFTWARE.

%  The code is meant primarily for research purposes and has not been optimised
%  or tested for numerical stability. Use it with caution!

function [u0] = get_rand_u0

u0 = [
  -1.6673e+00  -5.3771e-01   1.7704e+00
  -1.6485e+00   1.2399e+00  -4.4525e-01
   1.0283e+00  -7.9078e-01  -4.2896e-01
   5.3674e-02  -1.2182e+00  -7.9897e-02
   1.2046e+00  -5.1885e-01  -6.9125e-01
  -2.2834e+00   8.1283e-01   9.2902e-01
   8.8459e-01  -1.6275e+00  -1.4670e-01
  -2.9135e-01   6.8127e-01   1.0512e+00
  -7.5078e-02   2.7548e+00  -1.3428e+00
   3.9957e-01   5.6001e-01  -1.2593e-01
  -1.0487e+00  -2.0689e+00  -2.8536e-01
  -6.9609e-01   7.7688e-01   6.9158e-01
  -1.5305e+00  -6.0185e-01  -1.0071e+00
   1.5299e+00   1.3970e+00   1.1970e+00
  -2.0564e-01  -1.3139e+00   1.2936e+00
  -9.4121e-01   9.0061e-01  -1.1720e-01
  -3.6958e-01  -6.9551e-01   8.0946e-01
  -7.0572e-02  -1.8324e+00   1.7776e+00
  -9.6289e-01   3.2355e-01   6.4639e-01
   3.3256e-01  -3.5213e-02  -1.0556e+00
   9.6777e-01   1.2145e+00   5.3289e-01
   4.3819e-01   8.7687e-01  -3.0958e-01
  -3.1818e+00   1.1633e+00  -7.1321e-01
  -1.2075e+00   1.5419e+00   2.6574e-02
   1.6030e+00  -7.3395e-01   1.2561e+00
   1.0121e+00  -2.2880e-01   2.5432e-01
  -4.8583e-01  -2.3153e+00  -7.1510e-01
  -1.8149e+00  -4.2219e-01  -1.6147e+00
  -8.9752e-01  -1.5215e+00   7.5671e-01
   1.8225e+00  -1.5243e+00   1.6383e-01
   6.6268e-01  -8.7880e-01   4.0023e-01
  -9.6488e-01   2.6542e-01  -2.6262e-01
   1.0513e+00   1.9920e+00   8.0982e-01
  -1.6003e-01   4.1928e-01  -4.3236e-01
  -3.9860e-02  -2.7739e-01  -1.2792e+00
   8.0226e-01   6.6452e-01  -3.0122e+00
  -3.8568e-01   1.1799e+00   7.1978e-01
  -9.8015e-01  -1.1697e+00  -1.3040e+00
   1.0318e+00  -9.1654e-01  -6.4200e-02
   1.1435e+00   4.7626e-01   2.6109e-01
   7.5073e-01   1.5489e+00   4.9739e-01
   3.0818e-02  -9.2735e-01  -2.5840e-01
  -4.2936e-01   2.0101e+00   5.3611e-01
  -1.0437e+00   2.3241e-02   1.7616e+00
  -5.6408e-01   3.1483e-01  -7.3098e-01
  -1.4235e+00   1.1560e+00  -6.8716e-02
   2.1803e+00   4.0853e-01  -7.5860e-02
   1.0979e-01  -1.8408e-01  -3.7477e-01
  -3.9064e-01   8.6919e-01  -5.8565e-01
  -1.0144e+00  -2.8021e-01  -2.1206e-01
  -4.9730e-01   5.0557e-01  -4.6344e-01
   4.7354e-01   8.5983e-02  -4.9889e-01
   9.5685e-01   3.2849e-01  -1.5991e+00
   1.4970e-01   1.4307e+00  -7.0165e-01
  -1.3834e+00   1.7635e-01  -1.0580e+00
  -2.0707e-01  -6.9788e-01  -2.4736e-01
  -3.4413e-01  -2.8056e-01   2.1487e-01
   2.1812e+00  -2.6251e-01   5.5807e-01
   6.1224e-01  -8.8965e-01   3.8080e-02
  -9.0443e-01  -1.0008e+00   3.8620e-01
   1.6247e+00  -9.0477e-01  -4.0117e-01
   2.5638e-02  -3.7849e-01  -1.0775e-01
   4.0615e-01   6.5742e-01   3.7897e-01
  -1.9518e-02   5.6348e-01   1.0429e+00
   1.2692e+00   2.8434e-01   6.0654e-01
  -2.0049e+00  -8.9289e-01  -1.0095e+00
  -1.8376e+00   9.1099e-01  -1.2459e-02
  -9.4650e-01  -6.6089e-01   1.6344e+00
   5.1120e-01   7.2871e-01  -5.3528e-01
   2.1098e-01   1.9804e+00   1.2380e+00
  -3.8379e-01   8.1491e-01   9.0320e-01
  -6.7177e-01  -3.1492e-01   9.6857e-01
   1.2924e+00  -1.8871e-01  -1.3436e+00
   1.6394e-01   1.4569e+00   1.7837e-01
   1.7695e+00  -1.4847e+00   6.0453e-01
  -1.4274e+00   1.5140e+00   2.8337e-01
   7.7009e-01   4.4720e-01  -1.2281e+00
  -9.6464e-02  -2.3873e+00   1.5146e+00
  -2.9315e-01  -1.0240e+00  -8.0405e-01
  -3.6212e-01  -8.4632e-02  -1.8582e+00
  -8.9967e-01   4.6722e-01   3.8558e-01
   1.1499e-01  -8.2960e-01   4.8140e-01
  -5.0215e-01   3.7661e-01   1.0041e+00
  -2.2731e-01  -5.7716e-01  -1.1966e+00
   1.8419e-01   6.4434e-01  -9.6254e-02
   1.1091e+00   4.9879e-01   2.3978e+00
  -1.0098e+00  -7.5591e-01  -7.0984e-01
   8.0991e-01  -1.0667e+00  -6.4002e-01
  -8.3121e-01  -1.4251e+00   3.1613e-01
  -1.8185e+00   1.3336e+00   2.5239e-01
  -6.3079e-02   7.8438e-01  -1.5401e-02
   4.1485e-01   5.9307e-01   8.1334e-01
  -2.6883e-01  -6.8019e-01  -1.2421e+00
   6.0620e-01   1.1793e+00  -2.0998e-01
  -1.6721e+00   7.1938e-01   1.4398e+00
   2.1314e+00  -8.8575e-01  -5.3591e-01
   1.2856e-01   1.6394e+00   2.4458e-01
   6.5969e-01   8.0542e-01  -7.9177e-01
   7.1247e-02   1.7898e+00  -1.5430e+00
  -1.5501e+00  -1.5402e+00   1.9956e+00
   2.1152e+00   4.0250e-01   7.4865e-01
   1.0417e+00  -1.4026e+00   4.8980e-01
   3.2990e-01   2.2549e-01   1.7439e+00
  -1.2305e+00  -3.0476e-01  -1.9994e+00
  -4.5436e-01   1.6205e-01  -2.0585e-01
   2.4532e-01   9.7444e-01   3.9870e-01
   1.3895e+00  -6.0107e-01   2.0356e+00
   6.2155e-01  -1.0932e+00  -1.1187e+00
   1.0060e+00  -1.1536e+00  -7.6252e-01
  -2.8032e-01  -9.1884e-01  -1.8989e+00
  -1.9235e+00   6.9583e-01   6.7927e-01
  -1.5495e+00  -7.5375e-01  -1.5125e+00
   1.6328e+00  -1.4580e-01   3.0909e+00
   9.0421e-01  -4.5944e-01   2.2560e-02
  -6.8333e-01  -2.0748e-01   1.9400e-01
  -7.2829e-01   1.3915e-01  -1.9673e+00
   1.7175e+00   6.5960e-01   5.8221e-01
  -4.3372e-02  -1.4323e-01  -1.7447e+00
  -4.5662e-01   1.2939e+00  -6.7092e-02
  -8.4318e-01  -1.8484e+00  -4.5536e-01
  -6.9334e-01  -4.7466e-01   8.8480e-01
  -5.7389e-01   7.3570e-01  -1.8489e+00
  -1.6242e+00   8.1108e-02  -1.5916e+00
   7.6573e-01  -3.1660e-01   5.1221e-01
   7.7525e-01  -1.4199e+00   5.7779e-01
  -1.6491e+00  -2.3711e-01   1.1957e+00
   1.0207e+00  -8.9805e-02   7.5861e-02
   1.0727e+00   3.8245e-01   7.3187e-01
   3.9287e-01   9.5054e-01  -7.1170e-01
   1.0944e+00   2.2419e-01   3.3570e-01
  -2.4271e+00  -5.7589e-01  -5.8830e-01
   7.8042e-01  -7.3312e-01   7.0295e-01
  -1.0184e+00   4.1129e-01  -8.6897e-01
   2.4118e+00  -8.4887e-01   8.3157e-02
   5.0833e-01  -2.6213e-01   1.2600e+00
  -7.8048e-01  -1.6024e-01   1.3523e+00
  -2.0212e-01   7.0109e-01   1.3949e-01
  -6.7053e-01   1.6814e-01   3.3579e-01
   6.9400e-01  -7.0454e-01  -7.6175e-02
  -1.7448e-01   1.4450e+00  -1.5023e-01
  -6.7316e-01  -2.0438e-02   9.6422e-01
  -1.2163e+00  -8.6057e-01   1.0529e+00
  -5.2117e-01   4.4453e-01  -1.0561e+00
   8.9662e-01  -9.1208e-01  -5.4043e-01
  -1.4331e+00  -3.0749e-01   3.6764e-01
   7.2291e-01  -1.6788e+00   1.3779e+00
   8.4004e-01   9.1704e-01  -2.2653e+00
   6.3316e-01  -8.6585e-01   3.9285e-01
   7.6731e-01   3.3177e-01  -4.7680e-01
  -6.2871e-02  -7.5505e-01  -2.0358e-01
  -7.9386e-01  -2.0850e-01   9.4151e-02
   2.0769e+00   1.6916e+00   1.7599e+00
  -1.2934e+00   7.4515e-01   1.5072e-01
  -1.6750e-01  -4.8183e-01  -7.5783e-01
  -9.1528e-01  -8.3939e-01  -4.5962e-02
   1.6778e+00  -5.4267e-01   2.9425e-01
  -1.7267e+00  -3.1081e-02   9.8369e-01
  -1.4473e-01  -1.6531e-01  -7.6915e-02
   5.5998e-01   2.7077e-01  -1.0611e-01
  -6.7532e-01  -4.4621e-01   4.5102e-01
  -5.4362e-02  -7.3710e-01  -2.9035e+00
   5.9663e-01   3.9576e-02  -2.6494e+00
